# HSP: 값 = mm/h × 100. KMA 표준 강수 범례 근사색. nearest_color_entry용.
-30000 0 0 0 0
-25000 0 0 0 0
0 0 0 0 0
9 0 0 0 0
10 0 200 255 255
50 0 155 245 255
100 0 74 245 255
200 0 255 0 255
300 0 190 0 255
400 0 140 0 255
500 0 90 0 255
600 255 255 0 255
700 255 220 31 255
800 249 205 0 255
900 224 185 0 255
1000 204 170 0 255
1500 255 102 0 255
2000 255 50 0 255
2500 210 0 0 255
3000 180 0 0 255
4000 224 169 255 255
5000 201 105 255 255
6000 179 41 255 255
7000 147 0 228 255
9000 179 180 222 255
11000 76 78 177 255
15000 0 3 144 255
